8.367638053993384228e-02
4.966156395773092813e-02
3.962531331926584521e-02
3.625320012991627150e-02
3.426354099065065384e-02
3.282578118766347336e-02
3.182889210681120323e-02
3.101206235587596755e-02
3.024831733976801260e-02
2.979200407862663338e-02
2.936980128288269043e-02
2.902437945206959996e-02
2.858988028019666602e-02
2.832973472153147224e-02
2.809352874755859444e-02
2.785786725580692222e-02
2.750632017850875716e-02
2.723067846770087924e-02
2.702638997385899133e-02
2.704440935825308187e-02
2.669625083605448382e-02
2.651125900447368761e-02
2.637165194998184956e-02
2.633858680104216032e-02
2.607500813901424477e-02
2.591977644090851310e-02
2.587252799421548705e-02
2.561377358312407967e-02
2.556385317196448528e-02
2.529099176948269162e-02
2.528643577049176014e-02
2.513739261776208947e-02
2.513368458797534191e-02
2.492631605515877383e-02
2.484203083440661430e-02
2.473351430768767900e-02
2.464062503228585041e-02
2.454181844368576865e-02
2.446483178064227243e-02
2.427976205945014954e-02
2.417831588536500931e-02
2.427437845617532591e-02
2.409033759807547095e-02
2.393820496896902766e-02
2.385003951688607557e-02
2.386179942016800407e-02
2.381500247865915229e-02
2.374999383464455535e-02
2.356500886380672594e-02
2.351369385917981628e-02
2.339272443205118318e-02
2.344445648292700288e-02
2.326682908460497856e-02
2.326570426424344473e-02
2.329230504110455652e-02
2.324294171606500897e-02
2.307151267305016656e-02
2.298512402921915054e-02
2.294728240619103160e-02
2.298111782098809924e-02
2.282164959857861317e-02
2.279498561595877035e-02
2.280568362524111950e-02
2.264465975264708109e-02
2.262779682253797733e-02
2.266898468757668969e-02
2.253760620951652388e-02
2.248816167314847403e-02
2.254118317117293629e-02
2.241933665548761709e-02
2.250772543872396267e-02
2.237104534481962684e-02
2.232717300454775330e-02
2.236829396958152361e-02
2.223536521196365495e-02
2.212326489388942788e-02
2.206727101777990543e-02
2.199555942788720270e-02
2.211043061688542505e-02
2.199494391679763725e-02
2.202547561998168674e-02
2.195222418134411269e-02
2.198968421046932492e-02
2.187209663291772230e-02
2.182571478188037942e-02
2.176528420920173165e-02
2.182130860164761474e-02
2.174314732352892673e-02
2.183282633001605577e-02
2.167367776855826447e-02
2.161994557827711175e-02
2.168999227384726253e-02
2.151868157088756423e-02
2.158367450659473899e-02
2.154073075701793197e-02
2.151341947416464395e-02
2.158571798354387214e-02
2.148954321940739834e-02
2.143986299633979936e-02
2.146896133199334075e-02
2.142502162605524132e-02
2.127521960064768930e-02
2.124513161058227267e-02
2.122301434477170262e-02
2.127846386283636232e-02
2.119331574067473412e-02
2.115855390826860971e-02
2.114141698305805478e-02
2.114664108181993005e-02
2.119551288584868229e-02
2.111327415332198143e-02
2.110327569146951132e-02
2.120240746686856068e-02
2.104809122780958858e-02
2.117460096875826633e-02
2.103142794221639703e-02
2.097080973908305168e-02
2.105121044442057748e-02
2.097433563321828703e-02
2.092057460298140867e-02
2.098802477121353149e-02
2.099699275568127702e-02
2.091556002075473444e-02
2.088042724256714347e-02
2.099585449323058267e-02
2.083096159622073104e-02
2.085397004460294926e-02
2.076016928379734519e-02
2.077635799845059875e-02
2.076768856495618890e-02
2.072313126797477312e-02
2.067731935530901094e-02
2.075129713242252621e-02
2.065952116002639158e-02
2.068268271783987519e-02
2.073014583438635011e-02
2.068080510944127898e-02
2.068204131598273821e-02
2.065726037447651250e-02
2.063056193292140891e-02
2.063930475463469916e-02
2.064782514547308309e-02
2.048193126296003752e-02
2.055522759134570734e-02
2.049451796337962289e-02
2.056559553990761416e-02
2.046719199667374270e-02
2.042215997353196213e-02
2.047267261271675312e-02
2.050701448072989735e-02
2.056534377237161093e-02
2.046768364186088082e-02
2.054969348634282794e-02
2.048661721249421530e-02
2.046928089112043381e-02
2.041923046732942171e-02
2.035619877278804779e-02
2.029344703381260120e-02
2.036359353611866610e-02
2.026805679003397531e-02
2.036424583444992539e-02
2.033452112227678368e-02
2.037648102268576483e-02
2.027115964641173704e-02
2.031681034713983536e-02
2.025592628245552473e-02
2.014478656152884212e-02
2.030284532035390652e-02
2.010960929716626780e-02
2.009549156452218599e-02
2.014414708440502577e-02
2.020666872461636746e-02
2.028446197509765556e-02
2.014077631756663184e-02
2.012641206383705000e-02
2.006346800674994879e-02
2.002647606035073621e-02
2.005304753159483158e-02
2.003856667627890858e-02
2.000853388259808338e-02
1.996475672349333833e-02
2.004589854429165638e-02
2.008786803732315676e-02
2.010223111137747834e-02
2.009584171076615744e-02
1.998383067548275063e-02
2.002921026820937700e-02
1.998727001870671816e-02
1.985935922712087770e-02
2.007424163942535603e-02
1.995174608503778868e-02
1.996928158526619160e-02
1.980551695451140265e-02
1.997110694646835397e-02
1.985070419808228695e-02
1.984030346696575436e-02
1.988079575821757178e-02
1.987789332245787008e-02
1.994705644125739641e-02
1.975841779882709162e-02
1.983537009606758592e-02
1.991339729477962020e-02
1.987314078335960729e-02
1.990896308173735821e-02
1.982263100023070809e-02
1.993691160654028141e-02
1.988800934826334341e-02
1.978753215322891917e-02
1.971711510171492848e-02
1.976568736135959556e-02
1.978977692003051556e-02
1.975182810177405698e-02
1.981513006612658362e-02
1.986864553764462402e-02
1.968564145887891428e-02
1.971459478760758874e-02
1.969742064053813663e-02
1.969321109354495863e-02
1.956929101919134550e-02
1.964204339310526848e-02
1.963635394349694252e-02
1.955990527446071353e-02
1.950614936649799208e-02
1.959821758791804175e-02
1.962021760021646910e-02
1.954046810666720119e-02
1.951549164950847765e-02
1.955456292877594607e-02
1.955428604657451219e-02
1.966511455054084298e-02
1.950447789082924641e-02
1.952212362860639844e-02
1.949312947690486769e-02
1.950733832394083503e-02
1.952789283047119684e-02
1.946325004100799699e-02
1.948032770305872102e-02
1.963763634363810059e-02
1.951813890288273470e-02
1.946037195933362010e-02
1.948317556331554887e-02
1.943919404099385059e-02
1.956690903753042360e-02
1.936209844425320487e-02
1.938235290969411370e-02
1.951647903770208428e-02
1.935030190895000932e-02
1.928846786419550693e-02
1.924858093261718611e-02
1.922725929568211076e-02
1.923054987564682891e-02
1.931642318765322205e-02
1.925538067395488398e-02
1.944186864420771599e-02
1.921077260437110967e-02
1.934618856757879327e-02
1.921507691343625479e-02
1.935679512098431587e-02
1.935865643123785632e-02
1.946732538441816804e-02
1.929886797443032195e-02
1.917333286255597929e-02
1.915119470407565527e-02
1.933951902513702734e-02
1.927521827941139701e-02
1.914895974720517632e-02
1.933019260565439768e-02
1.909479470923542907e-02
1.922069598610202587e-02
1.916325486575563841e-02
1.922866490979989462e-02
1.923038436410327845e-02
1.905142925679683547e-02
1.915776844446857863e-02
1.910514952614903589e-02
1.913554761558771203e-02
1.916432827711105416e-02
1.911811148747801642e-02
1.910616625100374291e-02
1.906413718437155111e-02
1.914882852385441439e-02
1.920300150911013332e-02
1.907464222361644063e-02
1.912145772948860983e-02
1.910175317898392747e-02
1.902406875354548457e-02
1.919475464771191325e-02
1.884493821611006939e-02
1.908338976403077536e-02
1.906511352087060518e-02
1.908377064391970565e-02
1.896314220502972464e-02
1.896787555888295243e-02
1.904181265272199969e-02
1.901595667004585266e-02
1.897291690111160140e-02
1.898529436439275880e-02
1.887079424535234931e-02
1.887155361473560194e-02
1.898729655270775182e-02
